0.241666666667
0.419642857143
0.638392857143
0.25
0.333333333333
0.125
0.116666666667
0.1
0.638888888889
0.0625
0.0928571428571
0.18
0.0
0.5
1.0
0.166666666667
0.0833333333333
0.333333333333
0.0
0.43024691358
0.0
0.0
0.199523809524
0.333333333333
0.650793650794
0.194444444444
0.12962962963
0.0
0.35
0.0238095238095
0.0
0.111111111111
0.638888888889
0.111111111111
0.0
0.5
0.0
0.0
0.1
0.045
0.666666666667
0.167142857143
0.458333333333
0.0
0.1
0.405833333333
0.273412698413
0.176666666667
0.1
0.0555555555556
0.473095238095
0.479166666667
0.152222222222
0.0555555555556
0.194444444444
0.1
0.0333333333333
0.0380952380952
0.0277777777778
0.42
0.563888888889
0.0
0.0
0.5
0.24
0.0285714285714
0.575
0.04
0.0285714285714
0.05
0.0178571428571
0.12
0.468095238095
0.0208333333333
0.0
0.0714285714286
0.233333333333
0.722222222222
0.0
0.0
0.75
0.24
0.0625
0.3
0.25
0.583333333333
0.0
0.649603174603
0.0555555555556
0.156071428571
0.257716049383
0.501428571429
0.5
0.526428571429
0.5
0.389761904762
0.154166666667
0.0
0.183333333333
0.166666666667
0.695833333333
0.321428571429
0.0
0.0666666666667
0.383333333333
0.385714285714
0.172619047619
0.590136054422
0.0
0.125
0.0833333333333
0.25
0.0833333333333
0.0
0.05
0.05
0.0
0.216666666667
1.0
0.395899470899
0.369047619048
0.21164021164
0.0
0.0
0.209523809524
0.208333333333
0.05
0.0
0.369047619048
0.5
0.102380952381
0.484761904762
0.0521541950113
0.25
0.383928571429
0.333333333333
0.225
0.1
0.0
0.138888888889
0.075
0.0
0.7
0.284391534392
0.219954648526
0.583333333333
0.226666666667
0.166666666667
0.248611111111
0.833333333333
0.0
0.0
0.27380952381
0.833333333333
0.125
0.560714285714
0.298611111111
0.3625
0.0434027777778
0.1
0.5
0.104166666667
0.244444444444
0.318055555556
0.583333333333
0.0138888888889
0.5
0.0833333333333
0.25
0.569444444444
0.638888888889
0.679166666667
1.0
0.0333333333333
0.02
0.0
0.588888888889
0.333333333333
0.291666666667
0.330952380952
0.2
0.583333333333
0.558095238095
0.214285714286
0.638888888889
0.16619047619
0.138888888889
0.319642857143
0.0595238095238
0.3
0.0533333333333
0.566666666667
0.828262786596
0.0416666666667
0.0555555555556
0.116666666667
0.555555555556
0.44375
0.025
0.185185185185
0.358333333333
0.191666666667
0.159523809524
0.0
0.75
0.261904761905
0.144444444444
0.691666666667
0.0555555555556
0.277777777778
0.0125
0.489166666667
0.4625
0.125
0.0
0.0
0.2
0.242857142857
0.0
0.133333333333
0.275
0.597883597884
0.441666666667
0.0428571428571
0.1775
