0.281666666667
0.5
0.638392857143
0.25
0.308333333333
0.05
0.107142857143
0.0166666666667
0.588888888889
0.09375
0.0761904761905
0.2
0.0
0.5
1.0
0.166666666667
0.0833333333333
0.333333333333
0.0
0.345899470899
0.0
0.0
0.110833333333
0.333333333333
0.650793650794
0.15
0.0416666666667
0.0
0.388888888889
0.0178571428571
0.0
0.0166666666667
0.638888888889
0.0703703703704
0.0
0.625
0.0
0.0
0.075
0.0142857142857
0.555555555556
0.116666666667
0.404761904762
0.0
0.125
0.282222222222
0.196944444444
0.191666666667
0.1
0.0
0.2375
0.0
0.152222222222
0.0833333333333
0.130515873016
0.0785714285714
0.02
0.141666666667
0.0277777777778
0.32
0.4
0.0
0.0
0.5
0.0583333333333
0.0285714285714
0.0785714285714
0.0666666666667
0.0
0.025
0.0208333333333
0.05
0.321666666667
0.0238095238095
0.0
0.0
0.222222222222
0.722222222222
0.0
0.0
0.7
0.393333333333
0.05
0.3
0.25
0.583333333333
0.0
0.649603174603
0.0333333333333
0.05
0.185185185185
0.464166666667
0.5
0.5225
0.5
0.488095238095
0.159523809524
0.0
0.208333333333
0.226851851852
0.657738095238
0.3125
0.0
0.1
0.383333333333
0.4
0.161904761905
0.613095238095
0.0
0.125
0.119047619048
0.25
0.118055555556
0.0
0.0
0.0333333333333
0.0
0.194444444444
1.0
0.282186948854
0.477380952381
0.19126984127
0.0
0.0
0.0785714285714
0.208333333333
0.05
0.0
0.388095238095
0.25
0.0861111111111
0.4925
0.119047619048
0.166666666667
0.373511904762
0.428571428571
0.196428571429
0.0833333333333
0.0
0.138888888889
0.0833333333333
0.0
0.6
0.144841269841
0.103174603175
0.583333333333
0.176666666667
0.166666666667
0.206666666667
0.833333333333
0.0
0.0
0.27380952381
0.666666666667
0.0833333333333
0.490714285714
0.281944444444
0.2875
0.025
0.1
0.433333333333
0.166666666667
0.277777777778
0.289583333333
0.375
0.0
0.5
0.0625
0.208333333333
0.611111111111
0.638888888889
0.679166666667
1.0
0.0285714285714
0.0
0.0
0.574603174603
0.25
0.225
0.27380952381
0.2
0.583333333333
0.431428571429
0.214285714286
0.638888888889
0.075
0.130952380952
0.312698412698
0.0185185185185
0.3
0.0142857142857
0.510416666667
0.836904761905
0.0416666666667
0.0666666666667
0.104166666667
0.555555555556
0.25
0.0694444444444
0.177777777778
0.275
0.14
0.09
0.0
0.7
0.240740740741
0.0666666666667
0.509722222222
0.0166666666667
0.277777777778
0.01
0.419642857143
0.410555555556
0.125
0.0
0.0
0.0583333333333
0.0452380952381
0.0
0.1
0.233333333333
0.607142857143
0.441666666667
0.0138888888889
0.14
